370481199806190010
370481199806190030
370481199806190050
370481199806190070
370481199806190090
370481199806190110
370481199806190130
370481199806190150
370481199806190170
370481199806190190
370481199806190210
370481199806190230
370481199806190250
370481199806190270
370481199806190290
370481199806190310
370481199806190330
370481199806190350
370481199806190370
370481199806190390
370481199806190410
370481199806190430
370481199806190450
370481199806190470
370481199806190490
370481199806190510
370481199806190530
370481199806190550
370481199806190570
370481199806190590
370481199806190610
370481199806190630
370481199806190650
370481199806190670
370481199806190690
370481199806190710
370481199806190730
370481199806190750
370481199806190770
370481199806190790
370481199806190810
370481199806190830
370481199806190850
370481199806190870
370481199806190890
370481199806190910
370481199806190930
370481199806190950
370481199806190970
370481199806190990
370481199806191010
370481199806191030
370481199806191050
370481199806191070
370481199806191090
370481199806191110
370481199806191130
370481199806191150
370481199806191170
370481199806191190
370481199806191210
370481199806191230
370481199806191250
370481199806191270
370481199806191290
370481199806191310
370481199806191330
370481199806191350
370481199806191370
370481199806191390
370481199806191410
370481199806191430
370481199806191450
370481199806191470
370481199806191490
370481199806191510
370481199806191530
370481199806191550
370481199806191570
370481199806191590
370481199806191610
370481199806191630
370481199806191650
370481199806191670
370481199806191690
370481199806191710
370481199806191730
370481199806191750
370481199806191770
370481199806191790
370481199806191810
370481199806191830
370481199806191850
370481199806191870
370481199806191890
370481199806191910
370481199806191930
370481199806191950
370481199806191970
370481199806191990
370481199806192010
370481199806192030
370481199806192050
370481199806192070
370481199806192090
370481199806192110
370481199806192130
370481199806192150
370481199806192170
370481199806192190
370481199806192210
370481199806192230
370481199806192250
370481199806192270
370481199806192290
370481199806192310
370481199806192330
370481199806192350
370481199806192370
370481199806192390
370481199806192410
370481199806192430
370481199806192450
370481199806192470
370481199806192490
370481199806192510
370481199806192530
370481199806192550
370481199806192570
370481199806192590
370481199806192610
370481199806192630
370481199806192650
370481199806192670
370481199806192690
370481199806192710
370481199806192730
370481199806192750
370481199806192770
370481199806192790
370481199806192810
370481199806192830
370481199806192850
370481199806192870
370481199806192890
370481199806192910
370481199806192930
370481199806192950
370481199806192970
370481199806192990
370481199806193010
370481199806193030
370481199806193050
370481199806193070
370481199806193090
370481199806193110
370481199806193130
370481199806193150
370481199806193170
370481199806193190
370481199806193210
370481199806193230
370481199806193250
370481199806193270
370481199806193290
370481199806193310
370481199806193330
370481199806193350
370481199806193370
370481199806193390
370481199806193410
370481199806193430
370481199806193450
370481199806193470
370481199806193490
370481199806193510
370481199806193530
370481199806193550
370481199806193570
370481199806193590
370481199806193610
370481199806193630
370481199806193650
370481199806193670
370481199806193690
370481199806193710
370481199806193730
370481199806193750
370481199806193770
370481199806193790
370481199806193810
370481199806193830
370481199806193850
370481199806193870
370481199806193890
370481199806193910
370481199806193930
370481199806193950
370481199806193970
370481199806193990
370481199806194010
370481199806194030
370481199806194050
370481199806194070
370481199806194090
370481199806194110
370481199806194130
370481199806194150
370481199806194170
370481199806194190
370481199806194210
370481199806194230
370481199806194250
370481199806194270
370481199806194290
370481199806194310
370481199806194330
370481199806194350
370481199806194370
370481199806194390
370481199806194410
370481199806194430
370481199806194450
370481199806194470
370481199806194490
370481199806194510
370481199806194530
370481199806194550
370481199806194570
370481199806194590
370481199806194610
370481199806194630
370481199806194650
370481199806194670
370481199806194690
370481199806194710
370481199806194730
370481199806194750
370481199806194770
370481199806194790
370481199806194810
370481199806194830
370481199806194850
370481199806194870
370481199806194890
370481199806194910
370481199806194930
370481199806194950
370481199806194970
370481199806194990
370481199806195010
370481199806195030
370481199806195050
370481199806195070
370481199806195090
370481199806195110
370481199806195130
370481199806195150
370481199806195170
370481199806195190
370481199806195210
370481199806195230
370481199806195250
370481199806195270
370481199806195290
370481199806195310
370481199806195330
370481199806195350
370481199806195370
370481199806195390
370481199806195410
370481199806195430
370481199806195450
370481199806195470
370481199806195490
370481199806195510
370481199806195530
370481199806195550
370481199806195570
370481199806195590
370481199806195610
370481199806195630
370481199806195650
370481199806195670
370481199806195690
370481199806195710
370481199806195730
370481199806195750
370481199806195770
370481199806195790
370481199806195810
370481199806195830
370481199806195850
370481199806195870
370481199806195890
370481199806195910
370481199806195930
370481199806195950
370481199806195970
370481199806195990
370481199806196010
370481199806196030
370481199806196050
370481199806196070
370481199806196090
370481199806196110
370481199806196130
370481199806196150
370481199806196170
370481199806196190
370481199806196210
370481199806196230
370481199806196250
370481199806196270
370481199806196290
370481199806196310
370481199806196330
370481199806196350
370481199806196370
370481199806196390
370481199806196410
370481199806196430
370481199806196450
370481199806196470
370481199806196490
370481199806196510
370481199806196530
370481199806196550
370481199806196570
370481199806196590
370481199806196610
370481199806196630
370481199806196650
370481199806196670
370481199806196690
370481199806196710
370481199806196730
370481199806196750
370481199806196770
370481199806196790
370481199806196810
370481199806196830
370481199806196850
370481199806196870
370481199806196890
370481199806196910
370481199806196930
370481199806196950
370481199806196970
370481199806196990
370481199806197010
370481199806197030
370481199806197050
370481199806197070
370481199806197090
370481199806197110
370481199806197130
370481199806197150
370481199806197170
370481199806197190
370481199806197210
370481199806197230
370481199806197250
370481199806197270
370481199806197290
370481199806197310
370481199806197330
370481199806197350
370481199806197370
370481199806197390
370481199806197410
370481199806197430
370481199806197450
370481199806197470
370481199806197490
370481199806197510
370481199806197530
370481199806197550
370481199806197570
370481199806197590
370481199806197610
370481199806197630
370481199806197650
370481199806197670
370481199806197690
370481199806197710
370481199806197730
370481199806197750
370481199806197770
370481199806197790
370481199806197810
370481199806197830
370481199806197850
370481199806197870
370481199806197890
370481199806197910
370481199806197930
370481199806197950
370481199806197970
370481199806197990
370481199806198010
370481199806198030
370481199806198050
370481199806198070
370481199806198090
370481199806198110
370481199806198130
370481199806198150
370481199806198170
370481199806198190
370481199806198210
370481199806198230
370481199806198250
370481199806198270
370481199806198290
370481199806198310
370481199806198330
370481199806198350
370481199806198370
370481199806198390
370481199806198410
370481199806198430
370481199806198450
370481199806198470
370481199806198490
370481199806198510
370481199806198530
370481199806198550
370481199806198570
370481199806198590
370481199806198610
370481199806198630
370481199806198650
370481199806198670
370481199806198690
370481199806198710
370481199806198730
370481199806198750
370481199806198770
370481199806198790
370481199806198810
370481199806198830
370481199806198850
370481199806198870
370481199806198890
370481199806198910
370481199806198930
370481199806198950
370481199806198970
370481199806198990
370481199806199010
370481199806199030
370481199806199050
370481199806199070
370481199806199090
370481199806199110
370481199806199130
370481199806199150
370481199806199170
370481199806199190
370481199806199210
370481199806199230
370481199806199250
370481199806199270
370481199806199290
370481199806199310
370481199806199330
370481199806199350
370481199806199370
370481199806199390
370481199806199410
370481199806199430
370481199806199450
370481199806199470
370481199806199490
370481199806199510
370481199806199530
370481199806199550
370481199806199570
370481199806199590
370481199806199610
370481199806199630
370481199806199650
370481199806199670
370481199806199690
370481199806199710
370481199806199730
370481199806199750
370481199806199770
370481199806199790
370481199806199810
370481199806199830
370481199806199850
370481199806199870
370481199806199890
370481199806199910
370481199806199930
370481199806199950
370481199806199970
370481199806199990